,8828309581fffff,882830829bfffff,882830828dfffff,88283082abfffff,882830950bfffff,8828309565fffff,88283082b9fffff,88283095e1fffff,88283095c3fffff,8828308297fffff,8828309507fffff,882830952bfffff,8828309587fffff,8828308209fffff,8828309515fffff,88283082b3fffff,8828309523fffff,88283095a7fffff,88283082edfffff,88283095cbfffff,882830953dfffff,88283082adfffff,88283082c3fffff,8828308293fffff,8828309501fffff,8828309527fffff,882830876dfffff,8828308285fffff,8828308747fffff,88283095a3fffff,8828309503fffff,88283082b7fffff,88283095a9fffff,88283095bbfffff,88283082d1fffff,88283082a7fffff,8828308745fffff,88283082ddfffff,882830823bfffff,88283095adfffff,88283095bdfffff,8828309563fffff,88283095b7fffff,88283082a1fffff,8828309529fffff,8828309533fffff,88283082d3fffff,8828308259fffff,88283082d7fffff,8828309425fffff,8828309511fffff,88283082c9fffff,88283082c5fffff,88283080cbfffff,8828309521fffff,88283082a3fffff,88283082b5fffff,88283082e9fffff,8828309531fffff,88283082e5fffff,8828308281fffff,88283082a9fffff,88283080d9fffff,88283080c9fffff,8828308203fffff,88283082e7fffff,882830821bfffff,8828309589fffff,88283082e1fffff,88283082e3fffff,88283095e5fffff,8828309509fffff,88283082b1fffff,88283095e7fffff,882830829dfffff,882830828bfffff,882830958bfffff,8828308283fffff,882830951bfffff,8828308211fffff,8828308749fffff,8828308253fffff,8828308769fffff,88283082d9fffff,8828308257fffff,8828308217fffff,88283095edfffff,88283095b5fffff,88283082bbfffff,88283095c5fffff,8828308219fffff,882830825bfffff,88283082cdfffff,8828309553fffff,88283095a5fffff,88283082dbfffff,882830876bfffff,8828309539fffff,8828308215fffff,88283095c7fffff,8828308291fffff,882830874bfffff,88283082d5fffff,88283082bdfffff,88283095e9fffff,8828308761fffff,8828309583fffff,88283095b1fffff,88283095ebfffff,88283095b3fffff,882830959dfffff,8828309585fffff,8828309535fffff,88283095c9fffff,8828309525fffff,8828308251fffff,8828309567fffff,8828309517fffff,882830821dfffff,88283082c1fffff,8828309519fffff,8828308213fffff,882830951dfffff,88283082cbfffff,8828309427fffff,882830953bfffff,8828308289fffff,88283095cdfffff,88283095d5fffff,88283095abfffff,882830820bfffff,88283082ebfffff,8828309557fffff,8828309555fffff,8828308295fffff,88283095b9fffff,88283095c1fffff,88283095ddfffff,882830952dfffff,882830874dfffff,8828308299fffff,88283095e3fffff,8828309537fffff,882830950dfffff,8828309513fffff,882830958dfffff,8828309505fffff,8828308287fffff,88283082c7fffff
8828309581fffff,1.0,0.9831630284068043,0.9809307217591086,0.9828077456194388,0.9785616205086718,0.9831011170492117,0.9826639518764108,0.9837600516488348,0.9810130114291218,0.9829320708707563,0.9829512983716598,0.9835550731748381,0.9829502507756755,0.9847354881158292,0.9825815238152811,0.9841222627449576,0.979487894232345,0.9801339081962362,0.9842818205951391,0.9840282601544843,0.9788308621586045,0.985047318540089,0.9811020923986487,0.9824767743246499,0.982378614905441,0.9781441140299754,0.9821548618709969,0.9808152507338457,0.9816975036617457,0.983525345569779,0.9751853342751533,0.9815733700191278,0.9823512495493427,0.9842707727289502,0.981456050402533,0.9861380965624125,0.9852588295657515,0.9821535755819861,0.9904276517393273,0.9829434837459486,0.983752215283301,0.9868871787439862,0.9857761216196738,0.9806165845487386,0.9853954738284023,0.9828612144233831,0.9812559360364297,0.9844342419615066,0.9831478653205593,0.9869206765896066,0.9817197573393036,0.9811053482486325,0.9809527319269646,0.9855983560489341,0.9822114409333977,0.9818341116985196,0.9821384054168155,0.9826954193148185,0.9846236349732422,0.9901614214766088,0.9820546550955058,0.9776839661060563,0.9881505067846104,0.9860416593784497,0.9884910017155835,0.984009436408668,0.9812597592701492,0.9836544115130216,0.9796574565875861,0.9773512806019559,0.984011660127164,0.9836598144663606,0.9819130552397721,0.9858334040647707,0.9821145491082285,0.9802334740912896,0.9815937359013251,0.9829876163624238,0.9821102639936865,0.9818191149300268,0.9814013299106993,0.9823111860064926,0.9837904566184674,0.9828052382461357,0.9837132093281022,0.9754381609266073,0.9825195483323326,0.9873049484001833,0.9825176407212217,0.9851017211614439,0.9808495053730379,0.978812215145792,0.981952486050364,0.9820767958337504,0.9865159975495487,0.9829987225090916,0.9835108047462671,0.9807207463894831,0.9874286215323663,0.9817370056073527,0.9822345653096618,0.9866130306966233,0.9816380918745992,0.9804029511384369,0.9807389081279726,0.9853735786337539,0.9829586732019755,0.9811049667988796,0.9838725213333301,0.9868042483491994,0.982703795064112,0.9809333087110924,0.9826686195871802,0.9883122032373381,0.9779268578269747,0.9845351805786927,0.9833576440769073,0.982630384702951,0.9837371284175584,0.981660613567886,0.9817081875082041,0.9837192362209956,0.9831248677550042,0.9807339848830721,0.9879802851127346,0.9831715949243628,0.9829339445553461,0.9854005974880081,0.9829026314015967,0.9844885183471236,0.9856786180279755,0.9811995723648935,0.979667828144203,0.983348530355196,0.982482284399159,0.9852557190123182,0.982455592342671,0.984981279706891,0.9826349359767343,0.9834412627042382,0.9825813958258254,0.9809142583127545,0.9836592641856621,0.9821717001147339,0.9808412910451645,0.9877944818275789,0.9839505698862265,0.9839363567498046,0.9822230543894606
882830829bfffff,0.9831630284068043,1.0,0.9802254751385622,0.9822928141846273,0.9767705790875164,0.981220683968343,0.981733609441455,0.9823928594348043,0.9809740310135581,0.9815666966158346,0.9815598438955033,0.9816235584137589,0.9806548571003706,0.9836835308578536,0.9814621460020458,0.9823777461404631,0.9791802709912317,0.9813741722168505,0.9826597908646809,0.9816366566058109,0.97753147346025,0.983378989633217,0.9796745040410416,0.9816687829161417,0.9807765645409491,0.9761727159064584,0.9811140799978424,0.9783249641303849,0.9814099647604626,0.981425839752802,0.9736750515876855,0.9801307145908051,0.9798110426432621,0.981526283055199,0.9800368514183837,0.9842759369520965,0.984119252245346,0.9806361046410387,0.9891593704693667,0.9803105666790628,0.9838673459360396,0.9848618309096087,0.9840492790683435,0.9778095132587472,0.98402834845025,0.981681768993074,0.9787750535617092,0.9831161234650689,0.981778211934453,0.986153290064334,0.9796554624355924,0.9804177162566128,0.9792340395596391,0.9852892507919064,0.9808853076143095,0.9802819025286262,0.9809413649068424,0.9815287522976301,0.9826574083698251,0.9880831056377163,0.980548779744991,0.9763194795257212,0.9871579088058507,0.984598731895959,0.9866817489823738,0.9825774127038812,0.9787351545013943,0.9827948699319392,0.9777642767634223,0.9764642404006498,0.9820608442850267,0.9830720941090387,0.9804181201429745,0.9826877199290838,0.9810863279705412,0.9792059765996222,0.9826704026984223,0.9813051150455884,0.979453190604707,0.9807993873510503,0.980693896144083,0.9812665226284545,0.9820575495565351,0.9810471265891699,0.9821540090659034,0.9751036241566977,0.9807440875556991,0.9829408135764284,0.9815116127633962,0.9831500598550611,0.9790760584255138,0.977467230296748,0.980003902929847,0.9797963324414459,0.9852097254017178,0.9828899944238114,0.9833167012924846,0.978245468630687,0.9861012836540712,0.981751754144707,0.9804303606715183,0.9861440840570829,0.9792879389746334,0.9799931238797599,0.9793275513951278,0.9836389976105697,0.9800157594397021,0.9815306140845875,0.9804450959893737,0.9851993149885121,0.9828407681683018,0.981070007227776,0.9806380954560745,0.9871896536991114,0.9756502540945757,0.9827905312787709,0.9815037840169298,0.9810992220755325,0.9821159459614713,0.9809511731337421,0.9807547985016135,0.9826009598271406,0.9817587529357438,0.978884055903266,0.9862539861472873,0.9826593777127408,0.9805683029883622,0.9831112409499173,0.9818793440791075,0.9838546378130952,0.9838201709673995,0.9791096255921521,0.9773009235105917,0.9828236444215854,0.9821514161169421,0.9847993305806464,0.9807159615000467,0.9823599667820653,0.9809284197786107,0.9811980180110766,0.9815764076373498,0.9816650572253997,0.98199149455714,0.9811588320233579,0.9789658066386051,0.9846141440251726,0.9824082284948609,0.9822248838271306,0.9811601008482937
882830828dfffff,0.9809307217591086,0.9802254751385622,1.0,0.9791817170495974,0.9739112612481784,0.9789364376101537,0.9780714250652951,0.9799496265369718,0.9785240459889639,0.9776320935253222,0.9784998937411311,0.9783574952742875,0.9779672108904618,0.9802268720478748,0.9777138299230455,0.9794452863266139,0.9757298077568488,0.977890955349375,0.9796552500692728,0.9776627375631102,0.9749834014037059,0.9811472317958031,0.9767202759360585,0.9787545296085072,0.9776197620298334,0.9734835782610984,0.9785578396099213,0.9759575943203274,0.9785314673020984,0.9786918771015334,0.9699330847997186,0.9777350518513223,0.9768592927483186,0.9783972220882615,0.9776906267363202,0.9823062471779471,0.9804306012789776,0.9774318096017611,0.987062214379074,0.9780274402806962,0.9811184697788892,0.9822391676053546,0.9807508469399663,0.9762457016562114,0.980788230360451,0.9792432598483873,0.9768847316599684,0.9791150350902997,0.979527188771229,0.982622159110396,0.9773313439316054,0.9772600131570248,0.9774744586121467,0.9818325031327831,0.9786411170943617,0.9781090767164721,0.9776805686329726,0.980154206410157,0.9800187418016802,0.9861103344143021,0.977452838027278,0.9728985019403864,0.9842790283531455,0.9830471104933972,0.9842611671209841,0.9800392308215962,0.9768936408317165,0.980245091888607,0.9748766406799143,0.9748063172440521,0.9789868320976933,0.9800359664787238,0.9779715209463802,0.9809097232143791,0.9776647257102342,0.9763494370846684,0.9794673182071171,0.9791973185280607,0.978546171646893,0.9770879917413384,0.9778919897273719,0.9777850200394473,0.9797320210064537,0.9795582651102689,0.9800826964607929,0.9724968908785236,0.9777911973205002,0.9799803418984934,0.9779772967131215,0.9809386566766481,0.9762940038692236,0.9747560870153692,0.978176834514898,0.9779942875925167,0.9826105345000691,0.9793431776058494,0.9804840798166359,0.9761759016266575,0.9824501183960508,0.978912163240985,0.9778495744811446,0.9824194386430525,0.9761901444281064,0.9772858974581687,0.9766733019863612,0.9803958596044727,0.9776705811983202,0.9782887909779329,0.9776359615935428,0.9823813213758014,0.9801920631161951,0.9787151200036549,0.9781239373971666,0.9853052457208826,0.9720828385413284,0.9806799198325218,0.9791182655899753,0.9785350617325316,0.9791358835628813,0.9782247642645278,0.9773317001091331,0.980226953403645,0.9785192197364926,0.976690529629797,0.9830041498122049,0.9795814356356788,0.9780853335352434,0.9803750266766443,0.9792616375994374,0.9813732103950459,0.9809621117726343,0.9762935901520599,0.9756710582461047,0.979023714583962,0.9788171749663276,0.9814834872235398,0.9779999254101331,0.979479188716228,0.9787134716728427,0.9789728499469975,0.9782665533013696,0.9779594591572011,0.9798772690724493,0.9782892891884065,0.9761676075562704,0.9814970686108082,0.9786980667055395,0.9797849542741655,0.9785789010885629
88283082abfffff,0.9828077456194388,0.9822928141846273,0.9791817170495974,1.0,0.9778292171442644,0.9817368213627428,0.9820434923846042,0.9825326763275166,0.9814422174065385,0.9815870477865437,0.9811306115344679,0.9823818145352495,0.9820517733730542,0.9840781641332272,0.9814359680024548,0.9827573240659118,0.9791636617562494,0.9817279657163476,0.9823270708171175,0.9817311882945924,0.9775820079738166,0.9843787719873406,0.9801223620144346,0.9814522913710777,0.9810092331221453,0.9770525141502686,0.98152228662975,0.9797884102186172,0.9807269806031267,0.9808587118966612,0.973871617058667,0.9803573814340917,0.979300727827674,0.9822241353813437,0.980321670802075,0.9851131681996854,0.9848147011251087,0.9808640210485672,0.9890688942475802,0.9807825080543259,0.9834376888384169,0.985595158008187,0.983758259166541,0.979812903803546,0.9841448747150506,0.9817282857211022,0.9795131090113796,0.983145737676891,0.9816456324170967,0.9856338992107365,0.980173483855574,0.9803563047341151,0.9801598003723823,0.9847504763121552,0.9806883826131549,0.981200420938426,0.9810937805873784,0.9819926885261396,0.9832925414210969,0.988233235019654,0.9820684821006437,0.9770367508734307,0.9872195238040958,0.9850343805383066,0.9872793715546471,0.9827040188059504,0.9793490630292914,0.982903675240209,0.9790803632344771,0.977798612043156,0.982626484242761,0.982067337850031,0.9805375348153932,0.9824363653722413,0.9808126666369628,0.9794765949345069,0.9824958303213247,0.9815975860647788,0.9798462766428295,0.9809234939580316,0.9814037057597346,0.9816468371160912,0.9824037730602884,0.9808924149251544,0.9826512354781353,0.9751097028486173,0.9809522314633243,0.9826454978545329,0.980922028646019,0.9833686044096579,0.9791685311036785,0.9782228241355665,0.9805232059777781,0.9806147823748064,0.9850570104859158,0.9820705336239679,0.9826317163188217,0.9794949161797493,0.9862895568584877,0.981580054707794,0.9807727925569449,0.986251057057304,0.9801055538806708,0.9796390286768853,0.9791228283235474,0.9836944701181961,0.9806448720384672,0.981584535405204,0.9804746108712253,0.9856830217434788,0.982761891379396,0.9813011682425541,0.981175730781445,0.9871739408903847,0.9755437196744376,0.9830270723740077,0.9817100297668443,0.9811704464661515,0.9823221126938415,0.9814068216726216,0.9807120981155812,0.9824522096475581,0.9816919655436956,0.9797156666334337,0.9864888962991807,0.9821451884014321,0.9812830827299388,0.9833688395953369,0.9820545789962152,0.9837221980992137,0.9839004239164538,0.9796799043620955,0.9778211491126118,0.9822362792685531,0.9813483417076637,0.9840256469422167,0.9815506476687009,0.9828229694197421,0.9809490750632891,0.9816169283021335,0.9813273556925926,0.9823388353001129,0.9827619051077261,0.9810931720066816,0.9788733759575162,0.9844055308351911,0.9826625253070431,0.9835710209992871,0.9814805186081696
882830950bfffff,0.9785616205086718,0.9767705790875164,0.9739112612481784,0.9778292171442644,1.0,0.9786665982678114,0.9767799486347934,0.9785913730211373,0.9773760898984263,0.9766782734800361,0.9773711956753001,0.9779254688993387,0.9770691957924759,0.9800853325453243,0.9770802398973828,0.9778105250877697,0.9744984521669797,0.9775036214455294,0.978138172226424,0.9772992201640525,0.9743880516807388,0.9795335388247948,0.9761835105407413,0.97677776979494,0.9771409721603629,0.9725342928229657,0.9767317343794806,0.9740664192157417,0.9761355354808625,0.9766319421047955,0.9709340215864364,0.9754135461562692,0.9756634896473756,0.9768592345890103,0.976111637919828,0.9798495316849222,0.980227781376491,0.9765494728615403,0.984021942332672,0.9770484652586546,0.9784469314552404,0.9814456034912235,0.9786765567000033,0.9747120578573012,0.9802995521695017,0.9773554792895927,0.9755863210167404,0.9790392523217263,0.9769915580047349,0.9810797488130234,0.9757357725996978,0.9760809202968428,0.9746590928385451,0.9804023325431092,0.9773587632562798,0.9761255525305944,0.9758630715253888,0.9770031112611388,0.9784986926663568,0.9843629380411185,0.9764419491964348,0.9720555659865459,0.9824602771609394,0.9799424623560686,0.9826093163494344,0.9775437801947957,0.9748200748282704,0.9783942664267815,0.9739872754602855,0.971956016421011,0.9772501320795515,0.9790802318434974,0.9760091464762971,0.9781978365726991,0.9761366870855192,0.9741140669313224,0.9785426665045325,0.9771484688710141,0.9765698257973904,0.9763860115714595,0.9763527716800391,0.9774642468936544,0.9773296718818055,0.9765165047039691,0.9788488017427426,0.9710595647286606,0.9767662373963045,0.9782725023862716,0.9772132607743673,0.9786248986027156,0.9749824578189286,0.974953812139949,0.9753765880814662,0.9765270240352433,0.9806384227657252,0.9782841421381375,0.9775482239490966,0.9743578173274712,0.9820302386910751,0.9778945434590136,0.9761012987148975,0.9810716546049385,0.975324900655024,0.9748668425985778,0.9747019595220345,0.9785350868291438,0.9759197728496877,0.9767801026089018,0.976450033457988,0.9813163773046099,0.9780278597386622,0.9765358411618311,0.9768606398283171,0.9837833071785997,0.9718620044227496,0.9784793600198406,0.9784677787840257,0.9770773913019374,0.9777574169692481,0.9772115471485241,0.9770121095566167,0.9778439203340584,0.9776164888363796,0.9756562899003343,0.9820427834704052,0.9782983956677829,0.9760805575048077,0.9798874872992279,0.9776969618411894,0.9792056004613723,0.9797418189804548,0.9754836124461724,0.9741939160626859,0.9789056571629504,0.9767421647096243,0.9790702242249119,0.9772832484646661,0.9785163681760565,0.9775881810885955,0.9770920773581573,0.9765197691833116,0.9772128755340711,0.9778045066976612,0.9776109873053611,0.9755688195926935,0.9793725925055417,0.9785438060869064,0.9776136419889081,0.9769626855838938
8828309565fffff,0.9831011170492117,0.981220683968343,0.9789364376101537,0.9817368213627428,0.9786665982678114,1.0,0.981931671514375,0.9833602073913105,0.9816139528960158,0.981102928864977,0.9819856688534332,0.9824724082844701,0.9822065215215016,0.9844437632214784,0.9813815613024026,0.9824056949715595,0.979236802163603,0.9818599005524291,0.9819654741802601,0.9820326282304581,0.9780603361725912,0.9837761783826816,0.9805508232210558,0.9807671286352445,0.9820261990682423,0.9767385937141813,0.9812369120557712,0.980058425811432,0.981282131572438,0.9807277762043506,0.9762932981170326,0.9800267839203746,0.9795266099068918,0.9821717529559144,0.9807253774314251,0.9847361222611479,0.985042922338955,0.9809250796353992,0.9891064382920799,0.9820975923242975,0.9830216804303821,0.9867653229069826,0.9838865878556002,0.9802047554912887,0.9849376384643308,0.9818918076769334,0.9796561313601699,0.9832371916502056,0.9815502008403905,0.9863654909033475,0.980460754139585,0.9811061605562293,0.9792695165364393,0.9847465828798225,0.9814495627352576,0.9809272421352512,0.9800340981208515,0.9806353908734045,0.9833125722759127,0.9890397209316447,0.9809933612168846,0.9764667677402863,0.9866605497879974,0.9851426952388378,0.9879663461776317,0.9823200815087206,0.9798092850002437,0.9832326011950886,0.9784719315597591,0.9775441091763375,0.9831273242268204,0.9830066297781344,0.9807966451033591,0.9831778242177243,0.9813433898225971,0.9787296798792477,0.9828687862338465,0.9821045634543085,0.9807879433973391,0.9807458483268662,0.9815056119771357,0.9822758615085603,0.9824612840375856,0.9823757399475577,0.9833852844008918,0.9745726738363767,0.9815472964607087,0.9829929174958829,0.9820627079400785,0.9833464647743703,0.9802398908388256,0.9790920891333872,0.9804682552211964,0.9827686748190032,0.9844737220347674,0.9826864008733223,0.9820397516622023,0.9804454600288143,0.9860254116228836,0.9821622560334498,0.9803493496686979,0.9851823580176826,0.9797995029196775,0.9786470423480857,0.9796492998918168,0.9834715321638396,0.9805508943772991,0.9810420484945636,0.9812133809230443,0.9854531044078563,0.9831331459337397,0.980966897915547,0.9808410333462754,0.9870834430863811,0.9774421124395172,0.9832514697840887,0.9830935451817953,0.9820843926025651,0.9824563316155602,0.9816218555334043,0.981393450111619,0.9822211207374165,0.9821405307333778,0.9802946565134247,0.9873763030273659,0.9821235566186147,0.9806774018007193,0.9846851323140567,0.9829630271807113,0.9845233981035173,0.9847473510968254,0.9789586692103877,0.9788671503521255,0.9829266406776227,0.9820049691328055,0.9841936915722034,0.9818805144258579,0.9823963282995721,0.9819828413105021,0.9809920734809917,0.9808063164991292,0.9817949067329615,0.9831371447049824,0.9821441786688299,0.978724723956883,0.9841791415673015,0.9831760282209532,0.9827074447494579,0.9814386786830204
88283082b9fffff,0.9826639518764108,0.981733609441455,0.9780714250652951,0.9820434923846042,0.9767799486347934,0.981931671514375,1.0,0.9826921965677049,0.9808487968758666,0.9818042448255362,0.9810979676210854,0.9813195716882605,0.9813200562285314,0.98426098647904,0.9808970492249434,0.9829213102823717,0.978653299906171,0.9810615498339017,0.9817653333604038,0.9817803181858569,0.9773431965774606,0.9840410878821215,0.9791409034644997,0.9812150912341808,0.9808741643453239,0.9762482624591506,0.9818253103791066,0.9789751278566203,0.9805594921506264,0.9805514075551051,0.9748394830903161,0.9806271843140736,0.9791279637070529,0.9818101454859911,0.9799551046802593,0.984479509655431,0.9845178245010714,0.9803555135060962,0.9884857668807707,0.9808672959951739,0.9824740597412909,0.985232913619847,0.983683198061238,0.9787681197720188,0.983677660449776,0.9815827721028572,0.978861920140422,0.9828283762545529,0.9819391447648311,0.9850834902689346,0.9794154983246482,0.979902522410242,0.9792440507048182,0.9840300949103223,0.9800817519008568,0.9806725680952416,0.980977016891274,0.9808941763629551,0.9818141039928279,0.9879409769838594,0.9802795720535066,0.9761559624315642,0.987009769657033,0.9847293900149987,0.9870648789630556,0.9825809902182496,0.9798162192977324,0.9831674830203819,0.9781150938017036,0.9767617564539988,0.9818550527191703,0.9821222869067037,0.9808222073255017,0.9829955267797955,0.9796204526439318,0.9795176951820621,0.9820610481320533,0.9806001051135538,0.9802780126148807,0.9794567256635708,0.9814325784384187,0.9814574369888991,0.9816953219377538,0.9809564879796542,0.9819882180160084,0.9736783063151643,0.9810078377203,0.9825124242625629,0.9808012701215366,0.9829919496828398,0.9789052205138178,0.9770063885145578,0.980338765115808,0.9805813170659976,0.985426701427957,0.9822844429386587,0.9821690213631996,0.979160306157699,0.9860129986485904,0.9814259364778292,0.9795468070694626,0.9856242718761763,0.9788577753399024,0.9790612525567078,0.9785672471328273,0.9840588570401639,0.9801141771038105,0.9818655860543741,0.9808295468882491,0.9857501397485245,0.9833972275069917,0.9803946756989933,0.9799517897948811,0.9861584638816799,0.9760736144851957,0.9823199750797811,0.9816620802894438,0.9811423041024856,0.9826537695023642,0.9810154334390667,0.9802842748237703,0.9828677353362743,0.9811469775943245,0.9795036952347491,0.9865833294273265,0.9822027577858987,0.9814206147957123,0.9833279565863184,0.9819897794445531,0.983815346081745,0.9836880868290502,0.9783075855534569,0.9773153406856149,0.9819997629796422,0.9821183738217188,0.9837157469681787,0.9809642119963067,0.9822741116314432,0.9805120607126054,0.9814326323941004,0.9810300533395087,0.9815718241925641,0.9823942805785368,0.9805209125813541,0.978790156651791,0.9834626150982058,0.9820979793793754,0.9830735198298394,0.9813435882184449
88283095e1fffff,0.9837600516488348,0.9823928594348043,0.9799496265369718,0.9825326763275166,0.9785913730211373,0.9833602073913105,0.9826921965677049,1.0,0.9820673185767063,0.9824513357201335,0.9828040502113641,0.9830745355962167,0.982619693270853,0.9859241933187226,0.9822978943272982,0.9830929363903751,0.9804818172295597,0.9825167214119888,0.9834162358279493,0.9828689855570217,0.9794357509614189,0.9851454644112998,0.9812416476314159,0.9822354942129596,0.9823923056955189,0.9777977389992518,0.9826200171531831,0.9801052037677844,0.9815994671076118,0.9815047740124097,0.9757606773154224,0.9811789146272785,0.9807612542212156,0.9822728402432063,0.9812018909250453,0.9852731389737566,0.9852004711321523,0.9817380989822786,0.9897109775608224,0.9818282626270393,0.9845422100496702,0.9864947060597081,0.9848639922104344,0.9798089115502355,0.9856321170743052,0.9829783745682574,0.9806075638145668,0.984330322173557,0.9824581519337927,0.9863915762560007,0.9809663967743576,0.9808947532855082,0.9805430588556451,0.9851036066089922,0.98244622766116,0.9811319681592284,0.9811692249201152,0.9824171521850544,0.9837809436657885,0.989616243799988,0.9815962910661429,0.9782614040170998,0.987406617517232,0.9855330979124981,0.9885142039177154,0.9834486142383534,0.9805488738504667,0.9849771968714612,0.9794291963047923,0.9778653529557382,0.983642522365243,0.9830705741093745,0.9812041141544806,0.9834283877041784,0.981220513754709,0.9801873258014205,0.9846094064227785,0.9821257493311781,0.9816230532883862,0.9812341137264009,0.9816352018059872,0.9827372385960019,0.9831970965454426,0.9822715787783514,0.9837320157838542,0.9745812370299491,0.9825646120067387,0.9836684694084636,0.982136163058241,0.9842905209013487,0.979980309382257,0.9794099225615931,0.9809471147236459,0.9820212144822984,0.9863687049913448,0.9833418986645686,0.9831125286071118,0.9799040736467555,0.9874288053789976,0.9840310143806794,0.9819257786529226,0.986740169133511,0.9808210033513134,0.9794362019083162,0.9799459050026856,0.9848209108041241,0.9807670411694983,0.9829541229228473,0.9815648927087482,0.9866630571335258,0.9834113614513704,0.9820108550018831,0.9813864612785792,0.9877471433947074,0.9770081215799356,0.9839933608870849,0.9830670907973657,0.9827107099662125,0.9833196004333974,0.9828977632110075,0.981818083319369,0.9841359314511808,0.982902109069451,0.980669240372865,0.9877590197984473,0.9833273498187276,0.9817005129227278,0.9851862157764718,0.982976602448769,0.9848229677227324,0.9850591050354148,0.9811896594963746,0.978855998371488,0.9834586950757088,0.9830458722564124,0.9845193516594175,0.9824848010921542,0.9840481020189763,0.9826222201514037,0.983121104676243,0.982105497483367,0.9825944909375255,0.9836475753481939,0.9821984941699493,0.9798023949562615,0.984252452966711,0.9837338930435393,0.9838202108595704,0.9825195681036171
88283095c3fffff,0.9810130114291218,0.9809740310135581,0.9785240459889639,0.9814422174065385,0.9773760898984263,0.9816139528960158,0.9808487968758666,0.9820673185767063,1.0,0.9795521280137761,0.9807032836139535,0.9815997775717825,0.9817994885848288,0.9842649623124292,0.9804705503579372,0.9812796333459443,0.9786660991504323,0.9819183324820088,0.9818807933456399,0.9812439026770113,0.9775699043873122,0.9826185307504204,0.9799499633771076,0.9814831784343382,0.980844783447985,0.9760471089147011,0.9806725419073798,0.978083909685362,0.9802092740454664,0.9795385208136718,0.9747168058135829,0.9795365846292279,0.9780137827534813,0.9820220288090709,0.9796872684279216,0.9836390027142898,0.9836827182787995,0.979120477571498,0.9879147022849272,0.9814728359187209,0.9825254951648824,0.9854227789156681,0.9816470605806233,0.9777443290837314,0.9838829689731439,0.9814077540251924,0.9788609640130993,0.982335307117814,0.9808475836627678,0.9850353226713848,0.9796933893112713,0.9796184841902953,0.9791485016975088,0.9838981091183611,0.9802915406612912,0.9799624033301015,0.9795868746110987,0.9808950164699458,0.9818625673739638,0.9873122893758068,0.9801844897168301,0.9758229629330418,0.9859481670216238,0.9838312372934482,0.9868026039701485,0.982159087170385,0.9788444344943632,0.9820891012454094,0.9773836189851952,0.9756124538765896,0.9815119856137577,0.9823252394720281,0.9802452201350603,0.9812859601586272,0.9799704381612389,0.9782489187617999,0.9817258071666203,0.9802362343374407,0.9798590680895951,0.9791514416731814,0.981994008193807,0.9809969755822319,0.9813582216224964,0.9807875395305952,0.9821270595445803,0.974232277562909,0.9800333840783382,0.9802515601611294,0.980590873264511,0.9816127154783789,0.9785057703568868,0.9773386571695402,0.979771063900383,0.9809969644055754,0.9844032949240897,0.9818942428858902,0.9820574759902618,0.9782853740673085,0.9849991971760604,0.9789380333324733,0.9801471408818349,0.9852302864186031,0.9780076232897099,0.9789283526682129,0.9791956494671548,0.9823835756856362,0.9778905158720568,0.9803598955442084,0.9803157882341587,0.9844574806880618,0.9823541201052867,0.9823677889002902,0.9799400244255979,0.9867349022232962,0.9753381334330717,0.9820388870129826,0.9820341842492186,0.9808851108159783,0.981532998100948,0.9802616459514629,0.9801243271285238,0.9821630608525906,0.9805908518798108,0.9795678693110218,0.9858560235628222,0.9816816881149023,0.9800035800115635,0.9830807366704606,0.9829843520390934,0.9833194090933651,0.983171845819821,0.9783583927108496,0.9775785895584607,0.9818228387990311,0.9806145300468758,0.9833740001645488,0.9812278713369409,0.981323782666265,0.9806760508279784,0.9800638247753514,0.9803512358719131,0.9827397810311517,0.9821001698052279,0.9806226050685884,0.9783383099158394,0.9824995976346949,0.9817581907866963,0.9816622508815341,0.9799834139491539
8828308297fffff,0.9829320708707563,0.9815666966158346,0.9776320935253222,0.9815870477865437,0.9766782734800361,0.981102928864977,0.9818042448255362,0.9824513357201335,0.9795521280137761,1.0,0.9806888265303952,0.9813195478634414,0.9823171473752704,0.9849719554782242,0.9806751991034394,0.9827813319430551,0.9786890316595125,0.9815782465862427,0.982217033505231,0.9815924744259888,0.9769575435249672,0.9836051453252885,0.9792363665245565,0.9802172395100546,0.9807428074934051,0.9768796035103592,0.9813401897490532,0.978391788042163,0.9804226019145627,0.9809634248047971,0.9739011142282188,0.9803570394678129,0.9792573273443677,0.9816083090745468,0.9796733837405174,0.9839843543301837,0.9845780942060887,0.9806458863919677,0.987771598467112,0.9812173199959986,0.9827862965523199,0.9851920572630408,0.9841237828415422,0.9783283482384868,0.9836619669523571,0.9816560191901187,0.9785066682443978,0.9829580833017484,0.9808695064803986,0.9846595580834171,0.9794941378451163,0.9792328855267325,0.9793771698765734,0.983667020136999,0.9802735471870592,0.9807885139198711,0.9805778476278046,0.9803557632367804,0.9820459849691151,0.9878990940146991,0.9811019865753766,0.9766993989050019,0.9866954434894428,0.9846087907408467,0.9867518184978514,0.981964504009945,0.9783028500762936,0.9829022255275705,0.9785391106804169,0.9755935773297147,0.9818415182614774,0.9814625876644878,0.9795120557909599,0.9817698116751518,0.9800270155593666,0.9793786014784731,0.9822562831933579,0.9809300256856637,0.9792835131799202,0.9795167954997055,0.9810534309057081,0.9808378119921216,0.9821468563649467,0.9805734246274879,0.9813296777767995,0.9727485412646234,0.9806745370021879,0.9822032470106448,0.9815370421099864,0.9824663837260714,0.9790676597334996,0.9769469960719598,0.9803749677576117,0.9797705562168365,0.9843706517619899,0.9820037377684243,0.9820992828192806,0.9785645607461704,0.9857730137941857,0.9814244943123087,0.9804247362157604,0.985775213893925,0.9790102789954049,0.9788406219156796,0.9789231076432264,0.9839636193249227,0.9801834671106259,0.9814337620637633,0.980772223156088,0.985416371961441,0.9824772388480769,0.9805385019455483,0.9799624542569674,0.9858344293737347,0.9755457867678736,0.9819474347216446,0.9816515080956789,0.9814309532761104,0.9821432767695186,0.9807065674974502,0.980095164762226,0.982718168357901,0.9807594841381998,0.9794610009934934,0.9860630877543966,0.9812334288396476,0.9806663424372611,0.9832799733261011,0.9813047527168048,0.9831953136922156,0.9835106361981274,0.9798262649574224,0.977439782870231,0.9818523474422072,0.9814429174564923,0.9832870607868422,0.9810745854725267,0.9830283705932861,0.9811040976039695,0.9817905637220655,0.9814418266695906,0.9819587104794645,0.981655931811437,0.9802497840353247,0.9785145921984779,0.9833527317590659,0.9820806970695022,0.9818457957106119,0.9813580779255364
8828309507fffff,0.9829512983716598,0.9815598438955033,0.9784998937411311,0.9811306115344679,0.9773711956753001,0.9819856688534332,0.9810979676210854,0.9828040502113641,0.9807032836139535,0.9806888265303952,1.0,0.9824527771651008,0.9815013371786524,0.9846416818571009,0.9813089629636262,0.9818906523315326,0.9791028916180908,0.9814000145998569,0.9822502270059346,0.9822762817350623,0.9772560650588705,0.9838386047478851,0.9795134916126906,0.9801784640737492,0.9818624096530536,0.9774723539285409,0.9810275483581679,0.979114153690952,0.9802381982639967,0.9806878244743438,0.9742388230678145,0.9801565876674992,0.9791703518231947,0.9811080355114722,0.9799805843359456,0.9841664543251112,0.9839896613153436,0.9804850894996165,0.9888623964234644,0.9813679198930582,0.9825501285412676,0.9857780075316664,0.9835281953154038,0.9785441786963569,0.9843887866708774,0.9824685136759621,0.978908367846554,0.9833458313047958,0.9817665001323108,0.9858034364567108,0.9801844897780658,0.9801774504327173,0.9802673767105872,0.9840742457599119,0.9810973337274029,0.9801295821834183,0.979790459640866,0.981755638773282,0.9829353646344301,0.9880303098465255,0.9805691050012951,0.976662350341662,0.9860915279824214,0.9849544260671087,0.9871796555440107,0.9823766541280706,0.9795036716176381,0.9832946990042858,0.9779260737367679,0.9772088949843553,0.9818549982240062,0.98237118892881,0.9802102211958814,0.9825486270770935,0.980754684271386,0.9788285185740453,0.9821206472629105,0.9809378483321832,0.9801315141554543,0.98030466014375,0.9809462016193049,0.9817644242712242,0.9820677591209639,0.9812782929795003,0.9824191509075942,0.973867292073497,0.9814624325970264,0.9820087987872566,0.9803251939398872,0.9832311229843163,0.9802187531335382,0.9780017294521702,0.9808635802450666,0.9807366221701275,0.9846365496282143,0.981589370686003,0.9818952621753492,0.9793823452932782,0.9857598191653666,0.9814275354411701,0.9805691912237229,0.9852700179380665,0.9789798031980288,0.9787084398170925,0.9792203939240967,0.9834716295433127,0.9797522069363611,0.9812491911629833,0.9805762682181678,0.9853483351118851,0.9828590484146082,0.9812917519843416,0.9808436469849471,0.9867284379695905,0.9756103180230113,0.9832662921028799,0.9826905423872103,0.981174137956984,0.9829473994102351,0.9806238142399547,0.9811090746740442,0.9828438446359109,0.981942213495102,0.9793757675580516,0.9870545560080126,0.9822974738114783,0.9808290854159544,0.9839671009306367,0.9818022075962757,0.9830910323325908,0.9840216278314012,0.97843030951998,0.9779717280916558,0.9823294389556813,0.9811736441175154,0.9841992594357415,0.982125635798842,0.983347552312142,0.981444201861347,0.9809451965078667,0.9809007006826196,0.9818278564145468,0.9826081676898865,0.9811955564160673,0.9791580711922654,0.9842793120058797,0.9829015862346963,0.982358835423238,0.9811486209695689
882830952bfffff,0.9835550731748381,0.9816235584137589,0.9783574952742875,0.9823818145352495,0.9779254688993387,0.9824724082844701,0.9813195716882605,0.9830745355962167,0.9815997775717825,0.9813195478634414,0.9824527771651008,1.0,0.9818632308731177,0.9851819278001303,0.9817671190806598,0.9824623354312851,0.9798550802194624,0.9816699470186789,0.9828142206716473,0.9825468803330504,0.9779657394194142,0.9843957299232994,0.9803938221728319,0.9812325119597561,0.9822504161901754,0.9779071114628559,0.9814293367520248,0.9797357897179128,0.9807071598252635,0.9811460387788387,0.9746622599926283,0.9805492263642805,0.9798003042706852,0.9821218277154926,0.9808794721928177,0.9846134654911058,0.9841774527901462,0.9808588029835255,0.9893666604218253,0.9813713154316892,0.9833829705592675,0.986064953953201,0.9838064830746589,0.9792177954945129,0.9850450318812699,0.9821296177747407,0.9802216667882289,0.9832432751064639,0.9818713759597278,0.9859318981555669,0.9801893841498348,0.9799570357650917,0.9797043988426676,0.9846483481890717,0.9816113052222827,0.9810184255232032,0.9805265361168365,0.9817782226317666,0.9828072868084713,0.9888345197291116,0.9812458210268215,0.9767575041585068,0.9865446757049994,0.9853115284796408,0.9875504154144559,0.9828671338157612,0.9800221939477637,0.9832712126177064,0.9783413547517865,0.9768430798492789,0.9830785200067118,0.9827774605220765,0.9806460013972939,0.9829763828230732,0.980750774701564,0.979231964235307,0.9829160897249339,0.9814500138005686,0.9806800479260309,0.9808124148967476,0.9813549009241502,0.9818010652806514,0.9822012460990142,0.9821086947269742,0.9830249101211375,0.9747978976602609,0.9819244402033218,0.9827754222901,0.9811262070761502,0.9835397888150276,0.9800943345536103,0.9788178375991368,0.981116986357224,0.9819180003489762,0.9849424186155293,0.9821512751076225,0.9824079800365839,0.9802474079420032,0.9861047225386843,0.9822131154770289,0.9809187268888385,0.985162779336994,0.9799445124673539,0.9792450714860328,0.9794655867145013,0.9836687536139227,0.980636041426023,0.9815292984757359,0.9811175154819793,0.9853741167481098,0.9828840960101851,0.9816848397645241,0.9816829969026588,0.9869143123454138,0.9764255767495811,0.9835060807640044,0.9829452201430107,0.9819431524464227,0.9826696400088115,0.9816177587141355,0.981171877027037,0.9833229641127731,0.9821422073328343,0.9801511722128015,0.987304132011379,0.9821868467745882,0.980887759475811,0.9842191092743058,0.9825003734424256,0.9838889178020928,0.9845593459625983,0.9796217685422348,0.9792961929634197,0.9827654070791703,0.9814450795036446,0.984013293185207,0.9820834256509747,0.983141010401986,0.9825863237710811,0.9817850458712833,0.9809039702649925,0.9820202722842876,0.9824471297736277,0.9815026685586034,0.9795994255794371,0.9845156910183394,0.9843307917266864,0.9831171339227122,0.9817114024326564
8828309587fffff,0.9829502507756755,0.9806548571003706,0.9779672108904618,0.9820517733730542,0.9770691957924759,0.9822065215215016,0.9813200562285314,0.982619693270853,0.9817994885848288,0.9823171473752704,0.9815013371786524,0.9818632308731177,1.0,0.9863808951874727,0.9809572982451316,0.9831312796542824,0.978905135178483,0.98221174717399,0.983061678110458,0.9815697766047328,0.9783054985512613,0.9844151838056673,0.9805798339128702,0.9809214461597778,0.9809181887706627,0.9785699486695322,0.9814241510730339,0.9795871291628183,0.9813332046173444,0.9809149476016842,0.9743707568511318,0.9809235308187393,0.9788156310851586,0.9823857375185596,0.9801268286893456,0.9834658561494087,0.9850007397497185,0.9805302930877098,0.9876057117910997,0.9815316342653851,0.9819128560951358,0.9867766439163149,0.9832398767435155,0.979906516583257,0.9847096787707721,0.9826369504345225,0.9797757185575144,0.982989943944707,0.9820896946561976,0.9843548337062077,0.9805695417832222,0.9800155784620953,0.9801783598165723,0.9844525377552346,0.9806517951363297,0.9811855589717022,0.9806760905206899,0.9805903489296268,0.9823379990095524,0.9882450234451837,0.9816138279250337,0.9766941620091247,0.9860125368704832,0.984383691452263,0.9879413255282132,0.9817335942303937,0.979166076127592,0.9827487112768885,0.979006451499273,0.9757661652529819,0.9827460522223835,0.9811736898574758,0.9807708235023501,0.9819859774962315,0.9815654482179713,0.98003526124031,0.9823574115322108,0.9818813229447215,0.9799669619632098,0.9799347052766317,0.9823912480772179,0.9820328018527013,0.9825615726812846,0.9817748157682858,0.9821281629932128,0.9737427649162361,0.9814984558949711,0.9821875402276469,0.9812050962649697,0.9828431416495649,0.9802821484973309,0.9779621275068652,0.9801434996817506,0.9820230908868826,0.9848654928690778,0.9828693554109965,0.9816875032924846,0.9801543513942749,0.9855999679854683,0.9805810377766325,0.9805149044279728,0.986270216065607,0.979337026808763,0.9789071895445364,0.9795903855171186,0.9841277457035603,0.980864242705707,0.9810575408156839,0.9816400737770318,0.985607011527944,0.9827529369152698,0.9820963610787097,0.9812041081834664,0.9857162070141153,0.9750947047620327,0.9827022709329499,0.9833924472545421,0.9814763490624793,0.9826119781393252,0.9812363653558758,0.980879294544454,0.9828853536005315,0.9816467856606219,0.9802272259749174,0.9872232066643629,0.9821907536199095,0.9807569319331947,0.9843521481251595,0.9829921332438711,0.9832594566563826,0.9848063782769698,0.9791281570467778,0.9788720925549187,0.981905263052479,0.9813410715278256,0.9834379428184219,0.98167931033467,0.9835724484789831,0.9814290211369211,0.9821146923692813,0.9814961424112171,0.9825146171342728,0.9824062655121719,0.9804158275798243,0.9792363820659471,0.9841816429586265,0.9828485717860562,0.9822947108488279,0.9821776421209925
